# momentum_avg [MeV]  momentum_err [MeV]  E_cm [MeV]  err_E_cm [MeV]  Cross_section [mb]  err_CS [mb]  dataset
135.0000  15.0000   3.714164   0.821639  212.0000  36.0000  AL68
135.0000  15.0000   3.714164   0.821639  209.0000  58.0000  SE68
165.0000  15.0000   5.535981   0.999781  141.0000  20.0000  AL68
165.0000  15.0000   5.535981   0.999781  177.0000  38.0000  SE68
195.0000  15.0000   7.711562   1.175334  141.0000  16.0000  AL68
195.0000  15.0000   7.711562   1.175334  153.0000  27.0000  SE68
227.0500  23.2500  10.420329   2.107326   68.8000  20.0000  PIEK
225.0000  15.0000  10.235319   1.347893   95.0000  10.0000  AL68
225.0000  15.0000  10.235319   1.347893  111.0000  18.0000  SE68
255.0000  15.0000  13.100887   1.517085   81.0000   8.0000  AL68
255.0000  15.0000  13.100887   1.517085   87.0000  13.0000  SE68
276.1000  25.3000  15.317289   2.755814   43.6000  10.5000  PIEK
295.0000  25.0000  17.441021   2.894759   56.0000   9.0000  AL68
300.0000  30.0000  18.024471   3.527655   46.0000  11.0000  SE68
350.0000  50.0000  24.345898   6.756700   17.2000   8.6000  HA77
325.2500  23.9500  21.107142   3.030870   34.9000   8.8000  PIEK
376.0500  24.2500  27.981422   3.490693   30.2000   8.5000  PIEK
450.0000  50.0000  39.514892   8.382489   26.9000   7.8000  HA77
450.1000  49.2000  39.531659   8.249880   13.9000   6.3000  PIEK
550.0000  50.0000  57.752089   9.823081    7.0000   4.0000  HA77
650.0000  50.0000  78.680380  11.073766   16.5000   3.5000  KA71
650.0000  50.0000  78.680380  11.073766    9.0000   4.0000  HA77
750.0000  50.0000 101.924180  12.140223   10.8000   2.7000  KA71
750.0000  50.0000 101.924180  12.140223   13.6000   4.5000  HA77
850.0000 150.0000 127.126835  39.105457   15.5000   3.5000  CL67
850.0000  50.0000 127.126835  13.035152   10.2000   2.7000  KA71
850.0000  50.0000 127.126835  13.035152   11.3000   3.6000  HA77
950.0000  50.0000 153.961516  13.775221    9.0000   2.7000  KA71
950.0000  50.0000 153.961516  13.775221   11.3000   3.8000  HA77
950.1500  49.8500 154.002843  13.734895   17.8000   3.3000  ROWL
1050.0000 50.0000 182.136646  14.378677   21.1000   4.8000  HA77
1100.0000 100.0000 196.645804 29.269781   13.0000   2.4000  KA71
1150.0000 150.0000 211.397293 44.591097   17.0000   4.0000  CL67
1150.0000 50.0000 211.397293  14.863699   14.0000   3.4000  HA77
0.0  0.0  0.0  0.0  0.0  0.0  NONE
